1000 997
529 712
483 674
962 381
254 736
202 308
474 363
257 911
89 366
877 940
156 401
134 541
268 658
795 961
561 647
467 569
406 157
325 291
603 933
449 522
889 585
204 517
474 931
80 260
127 863
26 750
207 180
338 829
183 47
103 192
540 784
432 568
339 51
100 996
474 136
971 429
492 883
594 130
441 85
59 310
947 601
938 405
794 800
786 683
817 246
590 404
743 27
232 925
47 402
206 514
912 21
424 645
46 63
971 782
903 344
497 317
551 189
230 785
924 958
797 301
419 342
585 958
425 86
132 551
259 243
915 381
582 547
16 330
759 636
783 254
5 613
322 386
829 619
990 804
771 805
84 807
959 757
154 291
547 278
781 756
580 285
67 754
644 261
688 498
167 948
42 874
566 307
28 800
280 786
695 268
260 394
524 962
272 929
651 586
205 786
343 743
8 995
800 531
515 365
199 697
570 343
390 265
958 186
822 424
813 478
198 733
968 189
139 278
164 915
19 529
58 908
984 155
783 965
827 685
757 882
886 361
360 607
113 305
937 279
702 633
974 344
974 432
680 388
874 611
196 538
441 66
835 555
433 793
178 966
582 872
346 508
653 771
985 756
356 363
423 688
286 419
690 111
180 444
331 577
359 129
7 238
792 292
182 559
496 71
311 451
648 132
179 19
786 822
813 423
878 725
793 207
878 158
577 122
522 1000
705 491
76 225
157 375
789 383
902 600
135 327
224 189
921 889
463 576
959 794
61 391
591 761
197 171
92 75
28 644
391 719
739 250
353 66
286 390
234 667
872 511
925 208
501 637
754 184
326 186
227 583
96 292
791 222
781 604
698 544
890 18
27 830
751 519
204 508
955 873
150 89
589 203
827 283
180 562
809 440
280 777
494 470
366 374
855 244
464 147
79 327
91 974
822 415
911 185
727 255
803 498
569 976
6 508
647 966
615 653
905 930
150 894
816 118
472 574
77 348
87 519
771 32
711 391
249 473
3 216
633 396
622 625
516 272
82 107
347 363
77 444
471 76
446 928
866 271
165 371
372 669
104 360
623 881
679 997
467 852
961 196
554 169
820 692
789 538
769 62
734 353
454 393
556 920
531 655
163 594
277 165
497 959
125 926
169 788
842 905
180 16
107 94
971 128
190 293
110 253
796 823
537 273
250 499
361 885
146 235
147 365
24 740
365 586
838 90
795 208
360 841
780 582
840 493
979 745
907 867
582 441
810 453
562 537
818 219
701 243
653 212
874 482
6 961
505 839
313 107
269 517
545 919
508 781
480 897
826 106
995 6
926 350
611 633
771 947
197 855
240 419
794 747
481 225
976 379
60 85
776 849
741 708
630 634
755 461
964 122
840 453
94 151
477 4
847 194
739 222
739 561
563 220
932 615
791 720
997 858
95 844
66 804
445 923
158 331
761 86
74 905
38 569
533 661
955 884
247 48
659 627
485 640
333 534
40 208
708 785
54 414
216 484
639 380
532 388
825 273
382 273
980 597
747 463
183 440
928 549
994 259
105 344
785 12
366 401
15 839
521 779
513 216
489 526
567 66
770 711
943 804
627 21
770 398
215 453
372 616
884 943
584 43
39 711
145 982
862 13
834 899
668 750
824 511
289 105
307 965
544 650
209 652
887 642
842 892
306 245
972 629
928 395
433 465
268 375
453 237
870 643
856 164
439 826
354 931
913 973
698 102
852 815
701 929
866 137
750 584
733 694
544 536
243 847
805 436
521 673
979 545
820 714
826 794
738 56
319 261
503 34
964 115
616 965
349 132
724 352
429 57
358 736
727 80
933 629
349 20
604 19
77 362
762 267
870 101
387 335
320 899
357 273
177 726
68 708
465 372
702 521
431 279
431 996
81 317
487 917
96 433
711 215
786 457
664 956
198 942
524 175
571 95
618 825
26 574
358 37
511 377
423 491
692 602
280 641
14 688
703 805
159 972
953 444
690 517
572 591
937 396
972 241
442 248
814 210
886 915
256 558
801 260
359 495
997 227
919 63
319 552
839 471
336 84
987 275
829 846
152 59
600 855
867 43
381 375
90 564
677 622
145 801
262 515
671 379
513 505
678 430
635 117
463 10
509 65
155 122
324 364
987 168
9 96
33 247
522 874
741 640
240 182
793 838
743 488
829 145
328 172
36 831
754 671
293 598
709 132
419 555
446 608
509 343
446 510
143 364
547 995
911 341
797 3
817 195
634 674
459 104
843 812
626 504
853 959
435 331
584 579
354 757
547 265
767 855
502 176
716 291
591 137
128 883
422 805
751 250
553 418
568 25
377 394
926 540
954 35
840 618
399 88
385 761
132 871
192 128
922 953
424 75
870 85
305 938
338 997
981 458
427 751
781 987
98 269
266 104
235 877
844 322
801 258
622 285
855 114
368 202
832 918
92 612
217 469
201 259
618 297
507 963
568 481
336 221
790 405
893 589
719 309
935 851
54 234
491 595
222 531
959 501
442 929
854 646
615 539
496 212
948 347
479 758
673 872
859 578
925 386
439 164
815 769
682 302
574 614
567 642
584 40
781 298
647 65
768 609
664 462
950 88
706 403
667 217
821 268
589 55
752 949
81 452
313 83
572 618
858 312
579 995
982 715
267 784
424 718
505 14
348 255
476 252
811 335
454 566
172 934
919 734
742 445
986 390
623 994
173 127
320 160
565 68
767 708
1000 231
131 897
354 756
499 780
601 458
872 401
840 181
342 445
88 614
679 306
98 832
536 790
974 5
226 836
255 663
211 553
877 296
514 296
753 883
102 591
469 840
344 472
210 52
724 65
951 7
500 420
281 716
229 448
310 580
456 174
456 963
434 708
480 786
700 925
224 755
756 551
376 920
299 37
867 557
165 907
519 449
16 665
956 791
901 565
808 85
129 537
243 357
666 712
207 189
677 445
467 66
193 502
891 687
361 161
181 485
78 361
933 615
663 27
315 519
164 401
616 567
154 474
981 817
770 663
220 312
466 672
269 564
634 589
354 818
856 245
411 882
325 507
978 655
605 980
40 154
787 802
575 855
507 308
358 55
526 708
705 636
106 479
694 16
543 937
104 175
115 118
832 488
662 10
783 256
959 858
413 263
325 353
117 817
191 364
959 877
525 854
949 594
429 501
502 709
295 802
910 133
448 893
452 767
643 607
58 506
515 486
385 556
579 501
667 19
175 713
447 710
512 797
856 696
187 287
374 12
578 57
923 684
554 297
895 336
667 881
437 877
915 71
828 363
660 542
335 647
345 275
638 823
613 778
250 72
444 703
68 443
464 189
143 972
742 210
402 658
822 568
631 922
486 205
695 628
600 692
779 499
975 587
732 641
806 491
36 538
953 532
731 372
178 606
723 453
709 360
596 349
277 484
505 880
101 329
320 677
47 248
110 530
416 336
777 205
450 946
501 452
313 406
424 318
791 796
430 272
768 91
485 642
814 134
305 839
550 34
657 688
266 889
521 1
709 826
974 170
57 303
317 632
972 109
524 418
527 864
112 652
382 668
925 615
371 101
361 503
11 760
578 756
671 447
818 634
205 441
602 344
220 104
541 437
299 506
560 190
226 832
841 737
328 434
157 270
268 585
152 961
507 331
33 57
760 371
731 227
176 22
861 616
450 743
843 915
277 380
211 236
809 574
697 984
836 117
340 686
671 706
78 915
215 724
128 919
181 187
67 199
742 488
336 561
339 531
745 194
738 363
470 843
651 346
985 304
220 598
946 632
366 433
84 223
926 761
46 55
732 113
19 347
407 607
922 835
631 92
686 323
898 239
15 380
440 18
88 921
407 603
599 418
288 349
33 357
511 884
659 256
527 212
929 393
60 835
435 710
455 971
955 197
126 641
376 133
249 80
238 443
709 246
540 46
757 422
405 867
301 685
687 2
597 165
759 599
204 709
843 611
554 326
454 96
636 584
696 704
68 939
356 630
359 255
160 363
174 4
64 227
701 370
931 86
358 35
548 920
727 148
427 344
520 703
9 149
30 468
504 612
435 315
441 859
132 508
931 602
625 832
491 292
969 765
646 987
539 270
25 153
366 456
617 800
97 494
524 402
292 309
710 993
109 849
645 585
492 967
14 609
744 721
548 767
47 77
168 497
91 166
764 484
7 785
999 784
414 241
53 985
252 740
844 368
395 796
968 720
983 511
111 850
618 407
949 970
194 130
450 328
974 939
959 480
924 976
237 953
446 338
502 945
896 776
49 104
748 28
794 489
838 868
384 709
416 242
326 143
351 365
594 40
140 886
185 789
236 411
913 348
321 328
158 411
823 817
622 721
775 33
892 499
600 918
304 648
689 427
389 373
544 141
554 346
318 686
635 747
680 165
693 392
783 603
461 430
249 879
937 355
167 220
413 510
965 854
264 749
605 81
4 828
412 666
434 37
922 171
651 539
911 387
624 893
425 476
699 130
775 595
292 759
993 307
357 130
245 323
734 779
484 636
650 901
283 228
184 361
986 21
427 196
432 150
674 972
758 337
545 791
383 748
366 300
247 937
109 119
